pi@jx98-ss3389:~ $ time sudo cyclictest -p 90 -n -m -h 500 -t4 -l 300000
WARN: stat /dev/cpu_dma_latency failed: No such file or directory
policy: fifo: loadavg: 26.71 24.63 13.30 19/293 2008          

T: 0 ( 1905) P:90 I:1000 C: 300000 Min:      7 Act:   17 Avg:   19 Max:     992
T: 1 ( 1906) P:90 I:1000 C: 299959 Min:      7 Act:   26 Avg:   24 Max:     756
T: 2 ( 1907) P:90 I:1000 C: 299912 Min:      7 Act:   19 Avg:   21 Max:     763
T: 3 ( 1908) P:90 I:1000 C: 299866 Min:      6 Act:   18 Avg:   20 Max:    1238
# Histogram
000000 000000	000000	000000	000000
000001 000000	000000	000000	000000
000002 000000	000000	000000	000000
000003 000000	000000	000000	000000
000004 000000	000000	000000	000000
000005 000000	000000	000000	000000
000006 000000	000000	000000	000001
000007 000037	000045	000154	000181
000008 000661	000432	001045	001046
000009 003581	002461	002646	002807
000010 011324	001595	006345	008244
000011 022719	002748	017826	022585
000012 020973	010753	019927	019073
000013 024776	020011	020845	019489
000014 039631	017220	033157	030386
000015 044195	013600	041859	036947
000016 032339	016115	032625	033033
000017 019301	020808	021194	025593
000018 012165	022872	014534	018694
000019 008651	022968	010902	013385
000020 006626	020472	008546	010397
000021 005388	017473	006490	008271
000022 004432	014857	005035	006898
000023 003866	012148	003746	005603
000024 003461	010025	002615	004657
000025 003059	008534	002237	003987
000026 002774	007227	001955	003086
000027 002297	006199	002256	002418
000028 002063	005367	002265	001803
000029 001887	004746	002321	001431
000030 001623	004253	002299	001028
000031 001420	003719	002113	000844
000032 001218	003227	002018	000677
000033 001068	002703	001944	000620
000034 000852	002218	001964	000541
000035 000782	001922	001881	000516
000036 000625	001536	001702	000440
000037 000559	001269	001494	000390
000038 000475	000960	001301	000361
000039 000477	001010	001141	000322
000040 000412	000750	000928	000300
000041 000362	000672	000875	000256
000042 000351	000587	000750	000257
000043 000310	000556	000753	000224
000044 000301	000499	000640	000209
000045 000276	000405	000623	000199
000046 000249	000367	000572	000165
000047 000249	000352	000479	000168
000048 000244	000308	000404	000183
000049 000241	000263	000398	000174
000050 000211	000221	000326	000160
000051 000207	000207	000323	000159
000052 000195	000207	000278	000157
000053 000173	000218	000279	000146
000054 000176	000184	000275	000155
000055 000178	000152	000258	000115
000056 000161	000153	000247	000145
000057 000127	000138	000250	000129
000058 000138	000150	000226	000127
000059 000129	000127	000199	000135
000060 000142	000122	000200	000129
000061 000135	000134	000219	000130
000062 000144	000135	000180	000127
000063 000134	000134	000190	000113
000064 000116	000134	000184	000129
000065 000136	000122	000153	000094
000066 000137	000117	000164	000106
000067 000130	000130	000143	000119
000068 000148	000123	000161	000107
000069 000114	000107	000155	000117
000070 000118	000117	000163	000099
000071 000107	000114	000138	000109
000072 000113	000113	000128	000104
000073 000099	000114	000139	000103
000074 000120	000132	000153	000119
000075 000114	000112	000121	000107
000076 000113	000121	000141	000101
000077 000098	000124	000125	000115
000078 000098	000103	000109	000124
000079 000104	000134	000130	000091
000080 000102	000125	000134	000103
000081 000099	000114	000136	000084
000082 000095	000123	000129	000093
000083 000088	000140	000126	000106
000084 000084	000094	000108	000118
000085 000082	000128	000114	000122
000086 000084	000102	000112	000113
000087 000084	000104	000139	000107
000088 000083	000101	000114	000103
000089 000084	000118	000108	000105
000090 000100	000104	000116	000097
000091 000089	000101	000126	000098
000092 000098	000152	000099	000085
000093 000079	000106	000092	000108
000094 000087	000118	000114	000100
000095 000082	000111	000108	000093
000096 000081	000115	000094	000108
000097 000063	000114	000089	000103
000098 000092	000094	000105	000101
000099 000098	000094	000093	000082
000100 000084	000107	000094	000116
000101 000077	000108	000113	000096
000102 000076	000073	000097	000099
000103 000088	000118	000113	000088
000104 000073	000095	000113	000074
000105 000096	000089	000095	000077
000106 000088	000087	000100	000094
000107 000061	000081	000087	000087
000108 000087	000073	000103	000112
000109 000075	000104	000120	000093
000110 000093	000085	000092	000088
000111 000077	000089	000072	000080
000112 000088	000103	000087	000069
000113 000072	000095	000089	000061
000114 000085	000083	000104	000081
000115 000088	000083	000117	000084
000116 000076	000077	000088	000086
000117 000069	000081	000083	000091
000118 000083	000083	000100	000074
000119 000082	000077	000109	000078
000120 000081	000089	000082	000076
000121 000088	000084	000103	000084
000122 000078	000070	000092	000072
000123 000077	000071	000086	000071
000124 000067	000063	000098	000081
000125 000085	000080	000086	000087
000126 000075	000064	000099	000070
000127 000070	000081	000096	000074
000128 000080	000069	000077	000072
000129 000074	000082	000079	000071
000130 000052	000054	000088	000063
000131 000072	000078	000080	000064
000132 000054	000076	000105	000057
000133 000062	000069	000087	000070
000134 000075	000069	000086	000054
000135 000069	000070	000083	000068
000136 000065	000086	000087	000062
000137 000074	000070	000068	000058
000138 000058	000071	000071	000060
000139 000057	000074	000081	000046
000140 000069	000046	000084	000061
000141 000053	000070	000062	000060
000142 000039	000069	000078	000055
000143 000058	000069	000069	000053
000144 000043	000065	000084	000050
000145 000053	000077	000070	000041
000146 000052	000060	000067	000057
000147 000052	000059	000065	000055
000148 000043	000057	000064	000056
000149 000051	000063	000070	000054
000150 000067	000073	000071	000055
000151 000046	000069	000073	000047
000152 000058	000063	000063	000051
000153 000052	000059	000068	000040
000154 000052	000076	000082	000063
000155 000048	000059	000075	000049
000156 000038	000054	000059	000049
000157 000048	000057	000069	000050
000158 000047	000052	000057	000044
000159 000037	000049	000054	000046
000160 000045	000059	000069	000041
000161 000041	000049	000055	000050
000162 000034	000056	000046	000051
000163 000035	000064	000055	000051
000164 000029	000053	000033	000049
000165 000042	000059	000057	000044
000166 000041	000045	000051	000047
000167 000045	000054	000046	000039
000168 000031	000042	000054	000026
000169 000044	000050	000040	000029
000170 000028	000058	000057	000036
000171 000027	000047	000057	000046
000172 000039	000044	000043	000047
000173 000027	000055	000038	000042
000174 000033	000045	000060	000034
000175 000028	000053	000038	000032
000176 000024	000051	000042	000031
000177 000038	000049	000040	000044
000178 000025	000042	000035	000043
000179 000032	000040	000031	000022
000180 000030	000044	000048	000035
000181 000025	000045	000040	000037
000182 000024	000037	000041	000031
000183 000020	000039	000035	000022
000184 000019	000055	000028	000027
000185 000020	000027	000028	000030
000186 000026	000038	000029	000039
000187 000014	000034	000030	000031
000188 000015	000035	000023	000027
000189 000028	000031	000027	000028
000190 000026	000043	000024	000023
000191 000015	000039	000017	000020
000192 000022	000038	000021	000029
000193 000023	000027	000027	000029
000194 000014	000040	000025	000030
000195 000018	000031	000022	000020
000196 000025	000040	000034	000016
000197 000016	000026	000016	000026
000198 000015	000038	000022	000025
000199 000021	000039	000030	000032
000200 000018	000027	000018	000028
000201 000014	000030	000016	000025
000202 000013	000031	000011	000025
000203 000020	000030	000013	000019
000204 000009	000029	000015	000028
000205 000017	000028	000015	000029
000206 000011	000028	000007	000034
000207 000016	000027	000013	000029
000208 000018	000033	000012	000021
000209 000011	000019	000007	000030
000210 000015	000032	000016	000021
000211 000015	000034	000019	000016
000212 000018	000030	000014	000020
000213 000012	000032	000016	000020
000214 000010	000026	000014	000019
000215 000008	000023	000013	000017
000216 000008	000021	000011	000019
000217 000016	000023	000013	000019
000218 000012	000030	000019	000020
000219 000013	000014	000010	000014
000220 000009	000024	000008	000026
000221 000011	000019	000010	000021
000222 000018	000021	000006	000013
000223 000015	000015	000012	000013
000224 000008	000017	000009	000017
000225 000010	000015	000011	000015
000226 000007	000009	000016	000012
000227 000014	000016	000008	000012
000228 000007	000018	000013	000014
000229 000011	000016	000008	000010
000230 000004	000020	000005	000008
000231 000009	000006	000004	000006
000232 000008	000012	000009	000012
000233 000008	000011	000006	000009
000234 000013	000012	000006	000007
000235 000008	000008	000003	000013
000236 000007	000010	000004	000008
000237 000007	000007	000002	000007
000238 000009	000008	000005	000008
000239 000004	000007	000005	000005
000240 000004	000012	000005	000005
000241 000006	000011	000003	000005
000242 000004	000005	000004	000006
000243 000001	000005	000007	000011
000244 000005	000011	000004	000010
000245 000005	000007	000001	000002
000246 000006	000005	000004	000003
000247 000003	000008	000002	000005
000248 000002	000008	000002	000004
000249 000005	000001	000003	000005
000250 000006	000002	000000	000004
000251 000004	000004	000002	000001
000252 000001	000007	000005	000010
000253 000007	000003	000004	000004
000254 000003	000002	000002	000002
000255 000002	000001	000002	000000
000256 000005	000003	000003	000004
000257 000003	000004	000001	000002
000258 000002	000004	000002	000004
000259 000006	000003	000002	000002
000260 000002	000003	000000	000004
000261 000000	000001	000000	000001
000262 000000	000000	000000	000002
000263 000001	000004	000000	000000
000264 000000	000001	000000	000000
000265 000000	000000	000003	000001
000266 000002	000001	000001	000001
000267 000000	000000	000000	000000
000268 000002	000002	000000	000002
000269 000001	000001	000000	000001
000270 000003	000000	000001	000000
000271 000001	000002	000000	000003
000272 000001	000000	000000	000001
000273 000002	000000	000000	000001
000274 000002	000000	000001	000000
000275 000001	000002	000000	000000
000276 000000	000000	000000	000000
000277 000001	000000	000000	000000
000278 000001	000001	000000	000000
000279 000002	000000	000000	000000
000280 000001	000000	000000	000000
000281 000002	000001	000001	000000
000282 000000	000000	000000	000002
000283 000002	000001	000000	000000
000284 000003	000000	000001	000000
000285 000001	000000	000000	000000
000286 000004	000001	000002	000000
000287 000001	000000	000001	000000
000288 000000	000001	000000	000000
000289 000000	000000	000000	000000
000290 000000	000000	000000	000000
000291 000000	000000	000000	000000
000292 000000	000000	000000	000000
000293 000000	000002	000000	000000
000294 000000	000000	000000	000000
000295 000001	000000	000000	000000
000296 000001	000000	000000	000000
000297 000001	000000	000000	000000
000298 000000	000000	000000	000000
000299 000002	000000	000000	000000
000300 000001	000001	000000	000000
000301 000000	000000	000000	000000
000302 000000	000000	000000	000000
000303 000000	000000	000000	000001
000304 000002	000000	000001	000000
000305 000000	000000	000000	000000
000306 000001	000001	000000	000000
000307 000000	000000	000000	000000
000308 000000	000000	000000	000000
000309 000001	000000	000000	000000
000310 000001	000000	000000	000000
000311 000000	000000	000000	000000
000312 000000	000000	000001	000000
000313 000000	000000	000000	000000
000314 000000	000000	000000	000000
000315 000000	000001	000000	000000
000316 000000	000001	000000	000000
000317 000000	000000	000000	000000
000318 000000	000000	000000	000000
000319 000000	000000	000000	000000
000320 000002	000000	000000	000000
000321 000000	000000	000001	000000
000322 000000	000000	000000	000000
000323 000000	000000	000000	000000
000324 000000	000000	000000	000000
000325 000001	000000	000001	000000
000326 000000	000001	000000	000000
000327 000001	000000	000000	000000
000328 000000	000001	000000	000000
000329 000000	000000	000000	000000
000330 000000	000000	000000	000000
000331 000001	000000	000000	000000
000332 000000	000001	000000	000000
000333 000000	000000	000000	000000
000334 000000	000000	000000	000000
000335 000000	000000	000000	000000
000336 000000	000001	000000	000000
000337 000000	000000	000000	000000
000338 000000	000000	000000	000000
000339 000001	000000	000000	000000
000340 000001	000000	000000	000000
000341 000000	000000	000001	000000
000342 000000	000000	000000	000000
000343 000001	000000	000000	000000
000344 000001	000000	000000	000001
000345 000001	000000	000000	000000
000346 000002	000000	000000	000000
000347 000001	000000	000000	000000
000348 000000	000000	000000	000000
000349 000000	000000	000000	000000
000350 000000	000000	000000	000000
000351 000000	000000	000000	000000
000352 000000	000000	000000	000000
000353 000001	000000	000000	000000
000354 000000	000001	000000	000000
000355 000000	000000	000000	000000
000356 000000	000000	000000	000000
000357 000000	000000	000000	000000
000358 000000	000000	000000	000000
000359 000000	000000	000000	000000
000360 000000	000000	000000	000000
000361 000002	000000	000000	000000
000362 000000	000000	000000	000000
000363 000001	000000	000000	000000
000364 000000	000000	000000	000000
000365 000000	000000	000000	000000
000366 000000	000000	000000	000000
000367 000000	000000	000000	000000
000368 000000	000001	000000	000000
000369 000000	000001	000000	000000
000370 000001	000000	000000	000000
000371 000000	000000	000000	000000
000372 000001	000000	000000	000000
000373 000001	000000	000000	000000
000374 000000	000000	000000	000000
000375 000001	000000	000000	000000
000376 000000	000000	000000	000000
000377 000000	000000	000000	000000
000378 000000	000000	000000	000000
000379 000000	000000	000000	000000
000380 000000	000000	000000	000000
000381 000001	000001	000000	000000
000382 000000	000000	000000	000000
000383 000000	000000	000000	000000
000384 000000	000000	000000	000000
000385 000000	000000	000000	000000
000386 000000	000001	000000	000000
000387 000001	000000	000000	000000
000388 000000	000000	000000	000000
000389 000000	000001	000000	000000
000390 000000	000000	000000	000000
000391 000001	000001	000000	000000
000392 000000	000000	000000	000000
000393 000000	000000	000000	000000
000394 000000	000000	000000	000000
000395 000001	000000	000001	000000
000396 000001	000000	000000	000000
000397 000000	000000	000000	000000
000398 000000	000000	000000	000000
000399 000000	000000	000000	000000
000400 000000	000000	000001	000000
000401 000000	000000	000000	000000
000402 000000	000000	000000	000000
000403 000001	000000	000000	000000
000404 000000	000000	000000	000000
000405 000001	000000	000000	000000
000406 000000	000000	000000	000000
000407 000000	000000	000000	000000
000408 000000	000000	000000	000000
000409 000000	000000	000000	000000
000410 000000	000000	000000	000001
000411 000000	000000	000000	000000
000412 000001	000000	000000	000000
000413 000000	000000	000000	000000
000414 000001	000000	000000	000000
000415 000000	000000	000000	000000
000416 000000	000000	000000	000000
000417 000000	000000	000000	000000
000418 000000	000000	000000	000000
000419 000001	000000	000000	000000
000420 000000	000000	000000	000000
000421 000000	000000	000000	000000
000422 000001	000000	000000	000000
000423 000000	000001	000000	000000
000424 000000	000000	000000	000000
000425 000000	000000	000000	000000
000426 000001	000000	000000	000000
000427 000000	000000	000000	000000
000428 000000	000000	000000	000000
000429 000003	000001	000000	000000
000430 000000	000000	000000	000000
000431 000000	000000	000000	000000
000432 000000	000000	000000	000000
000433 000002	000002	000000	000000
000434 000000	000000	000000	000000
000435 000001	000000	000000	000000
000436 000000	000000	000000	000000
000437 000001	000000	000000	000000
000438 000000	000000	000000	000000
000439 000001	000001	000000	000000
000440 000000	000000	000000	000000
000441 000000	000000	000000	000000
000442 000000	000000	000000	000000
000443 000000	000000	000000	000000
000444 000000	000000	000000	000000
000445 000001	000000	000000	000000
000446 000000	000000	000000	000000
000447 000000	000000	000000	000000
000448 000000	000000	000000	000000
000449 000000	000000	000000	000000
000450 000000	000001	000000	000000
000451 000000	000000	000000	000000
000452 000000	000000	000000	000000
000453 000000	000000	000000	000000
000454 000000	000000	000000	000000
000455 000000	000000	000000	000000
000456 000001	000000	000000	000000
000457 000002	000000	000000	000000
000458 000000	000000	000000	000000
000459 000001	000000	000000	000000
000460 000000	000000	000000	000000
000461 000001	000000	000000	000000
000462 000001	000000	000000	000000
000463 000000	000000	000000	000000
000464 000000	000000	000000	000000
000465 000001	000000	000000	000000
000466 000000	000001	000000	000000
000467 000000	000000	000000	000000
000468 000000	000000	000000	000000
000469 000001	000001	000000	000000
000470 000000	000000	000000	000000
000471 000001	000000	000000	000000
000472 000000	000000	000000	000000
000473 000000	000000	000000	000000
000474 000000	000001	000000	000000
000475 000000	000000	000000	000000
000476 000000	000000	000000	000000
000477 000000	000000	000000	000000
000478 000000	000000	000000	000000
000479 000001	000001	000000	000000
000480 000001	000001	000000	000000
000481 000000	000000	000000	000000
000482 000000	000000	000000	000000
000483 000000	000001	000000	000000
000484 000000	000000	000000	000000
000485 000000	000000	000000	000000
000486 000000	000000	000000	000000
000487 000000	000000	000000	000000
000488 000001	000000	000000	000000
000489 000000	000000	000000	000000
000490 000000	000001	000000	000000
000491 000000	000000	000000	000000
000492 000000	000000	000000	000000
000493 000000	000000	000000	000000
000494 000000	000000	000000	000000
000495 000001	000000	000000	000000
000496 000000	000000	000000	000000
000497 000000	000000	000000	000000
000498 000000	000000	000000	000000
000499 000001	000000	000000	000000
# Total: 000299954 000299953 000299923 000299874
# Min Latencies: 00007 00007 00007 00006
# Avg Latencies: 00019 00024 00021 00020
# Max Latencies: 00992 00756 00763 01238
# Histogram Overflows: 00046 00017 00001 00003
# Histogram Overflow at cycle number:
# Thread 0: 01465 01604 01694 03187 03219 03304 03901 05686 10712 11188 15400 21694 26703 29306 43696 45095 45194 47693 55679 57378 65645 67705 71075 72684 76679 86577 114293 117147 129734 218703 219689 222702 226583 226703 230541 232185 234683 240329 244439 249647 250395 250682 255682 259710 267689 271688
# Thread 1: 98599 102296 108638 110066 122777 133999 134646 136648 137573 150322 188393 190532 202658 204663 287896 289556 293721
# Thread 2: 02999
# Thread 3: 03135 03627 03936


real	5m0.232s
user	0m0.733s
sys	0m31.858s
