pi@jx98-ty293-xz785:~ $ time sudo cyclictest -p 90 -n -m -h 500 -t4 -l 300000
WARN: stat /dev/cpu_dma_latency failed: No such file or directory
policy: fifo: loadavg: 32.61 18.18 7.93 33/352 1968          

T: 0 ( 1753) P:90 I:1000 C: 300000 Min:      7 Act:   12 Avg:   21 Max:     281
T: 1 ( 1754) P:90 I:1000 C: 299957 Min:      7 Act:   13 Avg:   22 Max:     270
T: 2 ( 1755) P:90 I:1000 C: 299917 Min:      7 Act:   17 Avg:   24 Max:     294
T: 3 ( 1758) P:90 I:1000 C: 299885 Min:      7 Act:   40 Avg:   27 Max:     345
# Histogram
000000 000000	000000	000000	000000
000001 000000	000000	000000	000000
000002 000000	000000	000000	000000
000003 000000	000000	000000	000000
000004 000000	000000	000000	000000
000005 000000	000000	000000	000000
000006 000000	000000	000000	000000
000007 000008	000021	000008	000014
000008 004229	003142	002529	002639
000009 002343	002189	001772	001355
000010 002863	002492	001712	001605
000011 006300	005260	002769	002393
000012 011741	010214	005534	004377
000013 017208	014715	009757	005723
000014 022518	018486	013790	005573
000015 024962	023879	015860	005449
000016 026263	027342	017161	006223
000017 027246	029011	019627	008231
000018 025888	027640	023477	012629
000019 022455	022929	024727	019121
000020 018275	018149	023189	024855
000021 014091	014216	020109	027696
000022 011270	011681	016756	026163
000023 008930	009599	013550	022028
000024 007361	008034	011074	017433
000025 005741	006688	009366	013546
000026 004911	005689	007886	011055
000027 003961	004666	006934	009194
000028 003358	003844	006001	007855
000029 002706	003201	005345	007106
000030 002267	002558	004566	006257
000031 001893	002170	003951	005611
000032 001518	001729	003407	004839
000033 001285	001450	002667	004038
000034 001014	001103	002160	003440
000035 000830	000901	001714	002899
000036 000689	000794	001371	002417
000037 000677	000636	001213	002099
000038 000507	000514	001047	001744
000039 000439	000490	000863	001497
000040 000390	000412	000769	001276
000041 000347	000338	000668	001111
000042 000329	000343	000554	000960
000043 000309	000285	000514	000813
000044 000271	000282	000503	000784
000045 000222	000229	000385	000598
000046 000257	000250	000373	000583
000047 000236	000233	000336	000505
000048 000208	000210	000288	000430
000049 000199	000188	000289	000377
000050 000196	000174	000302	000414
000051 000192	000193	000262	000353
000052 000189	000168	000220	000316
000053 000200	000179	000242	000304
000054 000188	000169	000229	000289
000055 000160	000147	000183	000281
000056 000157	000157	000188	000238
000057 000123	000156	000175	000224
000058 000137	000164	000182	000227
000059 000137	000155	000157	000214
000060 000137	000150	000180	000186
000061 000154	000151	000143	000190
000062 000135	000125	000125	000164
000063 000134	000134	000134	000155
000064 000140	000139	000152	000155
000065 000139	000112	000144	000167
000066 000118	000148	000150	000168
000067 000128	000121	000133	000118
000068 000120	000120	000146	000114
000069 000122	000127	000126	000110
000070 000104	000109	000132	000145
000071 000112	000121	000116	000114
000072 000113	000129	000118	000090
000073 000119	000119	000118	000101
000074 000109	000137	000113	000109
000075 000110	000105	000122	000100
000076 000101	000128	000088	000093
000077 000119	000128	000124	000100
000078 000105	000126	000089	000086
000079 000102	000124	000123	000102
000080 000120	000105	000121	000086
000081 000108	000125	000133	000097
000082 000105	000096	000106	000082
000083 000106	000104	000104	000093
000084 000102	000111	000113	000089
000085 000092	000103	000101	000089
000086 000110	000102	000096	000117
000087 000102	000112	000100	000081
000088 000092	000131	000111	000094
000089 000101	000119	000123	000088
000090 000109	000111	000095	000086
000091 000088	000113	000091	000091
000092 000094	000102	000107	000107
000093 000092	000107	000098	000087
000094 000111	000115	000113	000086
000095 000090	000093	000097	000091
000096 000104	000107	000106	000087
000097 000085	000087	000096	000096
000098 000084	000099	000110	000112
000099 000088	000090	000091	000083
000100 000075	000104	000111	000094
000101 000088	000089	000092	000070
000102 000106	000070	000093	000094
000103 000078	000084	000081	000077
000104 000085	000084	000095	000097
000105 000074	000085	000093	000092
000106 000098	000072	000091	000113
000107 000070	000092	000088	000101
000108 000076	000083	000063	000080
000109 000070	000071	000080	000085
000110 000088	000074	000081	000089
000111 000083	000074	000088	000093
000112 000067	000071	000072	000093
000113 000077	000080	000073	000089
000114 000068	000070	000080	000100
000115 000073	000066	000076	000087
000116 000073	000074	000089	000087
000117 000080	000071	000072	000083
000118 000072	000068	000092	000102
000119 000075	000078	000078	000092
000120 000077	000069	000087	000085
000121 000073	000061	000069	000099
000122 000088	000072	000068	000078
000123 000080	000063	000059	000098
000124 000062	000076	000052	000071
000125 000062	000060	000066	000082
000126 000052	000063	000069	000074
000127 000074	000064	000074	000113
000128 000058	000063	000085	000085
000129 000060	000060	000080	000080
000130 000054	000062	000058	000086
000131 000052	000078	000069	000089
000132 000058	000070	000073	000082
000133 000064	000063	000052	000079
000134 000063	000054	000059	000105
000135 000053	000056	000052	000095
000136 000062	000058	000071	000082
000137 000055	000054	000063	000079
000138 000056	000055	000057	000076
000139 000054	000060	000062	000101
000140 000058	000054	000052	000073
000141 000053	000049	000051	000073
000142 000057	000056	000065	000093
000143 000048	000048	000054	000093
000144 000071	000049	000068	000093
000145 000044	000047	000056	000068
000146 000037	000052	000053	000070
000147 000040	000059	000046	000092
000148 000049	000055	000058	000083
000149 000042	000051	000058	000067
000150 000046	000044	000048	000074
000151 000046	000032	000065	000059
000152 000040	000063	000061	000061
000153 000039	000044	000052	000055
000154 000040	000047	000054	000064
000155 000042	000051	000053	000065
000156 000048	000039	000048	000057
000157 000052	000052	000051	000061
000158 000039	000043	000052	000061
000159 000046	000042	000045	000061
000160 000037	000034	000044	000056
000161 000054	000032	000058	000046
000162 000041	000048	000055	000062
000163 000024	000035	000056	000054
000164 000034	000040	000045	000080
000165 000039	000035	000051	000061
000166 000029	000031	000060	000054
000167 000035	000035	000041	000044
000168 000036	000031	000045	000065
000169 000043	000036	000038	000055
000170 000030	000038	000051	000053
000171 000022	000034	000043	000057
000172 000021	000026	000048	000071
000173 000033	000024	000057	000057
000174 000034	000032	000052	000050
000175 000033	000035	000044	000044
000176 000030	000024	000041	000060
000177 000035	000033	000032	000046
000178 000029	000014	000042	000044
000179 000027	000023	000052	000050
000180 000029	000037	000041	000048
000181 000027	000029	000027	000047
000182 000028	000033	000041	000036
000183 000027	000033	000042	000050
000184 000017	000026	000043	000048
000185 000033	000026	000044	000048
000186 000021	000019	000047	000032
000187 000030	000025	000039	000043
000188 000025	000016	000031	000040
000189 000017	000017	000025	000045
000190 000020	000012	000040	000038
000191 000025	000026	000042	000036
000192 000018	000023	000026	000043
000193 000016	000021	000036	000042
000194 000019	000017	000043	000028
000195 000023	000020	000026	000035
000196 000018	000018	000026	000039
000197 000027	000020	000036	000026
000198 000018	000019	000026	000045
000199 000015	000021	000038	000025
000200 000025	000016	000025	000032
000201 000015	000017	000036	000028
000202 000015	000026	000024	000023
000203 000017	000018	000023	000024
000204 000019	000013	000020	000034
000205 000013	000017	000033	000038
000206 000015	000013	000020	000036
000207 000014	000024	000019	000039
000208 000013	000022	000022	000032
000209 000019	000020	000027	000035
000210 000013	000013	000020	000028
000211 000018	000010	000019	000033
000212 000014	000012	000026	000024
000213 000011	000008	000020	000021
000214 000016	000015	000022	000033
000215 000017	000015	000020	000026
000216 000011	000012	000014	000028
000217 000010	000010	000017	000031
000218 000014	000009	000021	000020
000219 000008	000010	000013	000022
000220 000011	000010	000017	000025
000221 000012	000011	000020	000032
000222 000014	000013	000025	000015
000223 000016	000013	000020	000025
000224 000008	000015	000016	000019
000225 000011	000007	000017	000019
000226 000004	000012	000012	000027
000227 000010	000010	000015	000021
000228 000010	000007	000015	000020
000229 000007	000006	000015	000020
000230 000011	000005	000014	000020
000231 000010	000014	000009	000024
000232 000006	000009	000007	000022
000233 000006	000010	000008	000018
000234 000012	000007	000006	000010
000235 000011	000006	000005	000020
000236 000009	000004	000006	000010
000237 000006	000006	000005	000012
000238 000002	000005	000006	000017
000239 000002	000007	000006	000023
000240 000006	000005	000002	000012
000241 000006	000007	000005	000013
000242 000003	000002	000002	000014
000243 000003	000004	000003	000013
000244 000001	000006	000000	000005
000245 000001	000001	000003	000011
000246 000000	000004	000003	000009
000247 000002	000002	000001	000008
000248 000002	000002	000004	000007
000249 000001	000003	000001	000004
000250 000000	000001	000004	000008
000251 000003	000000	000005	000010
000252 000000	000001	000003	000008
000253 000000	000002	000001	000001
000254 000000	000001	000001	000009
000255 000001	000001	000000	000003
000256 000000	000000	000000	000005
000257 000000	000001	000001	000006
000258 000003	000000	000003	000002
000259 000001	000001	000000	000003
000260 000001	000000	000003	000004
000261 000001	000000	000001	000003
000262 000000	000000	000000	000006
000263 000000	000000	000003	000002
000264 000000	000000	000003	000002
000265 000000	000001	000003	000001
000266 000000	000000	000000	000004
000267 000001	000000	000002	000002
000268 000000	000000	000000	000003
000269 000000	000000	000000	000002
000270 000000	000001	000001	000003
000271 000000	000000	000000	000001
000272 000000	000000	000000	000000
000273 000000	000000	000002	000005
000274 000001	000000	000000	000004
000275 000000	000000	000000	000002
000276 000000	000000	000001	000002
000277 000000	000000	000001	000001
000278 000000	000000	000001	000000
000279 000000	000000	000000	000001
000280 000000	000000	000002	000000
000281 000001	000000	000000	000000
000282 000000	000000	000001	000002
000283 000000	000000	000000	000003
000284 000000	000000	000000	000001
000285 000000	000000	000000	000001
000286 000000	000000	000000	000000
000287 000000	000000	000000	000000
000288 000000	000000	000000	000001
000289 000000	000000	000000	000003
000290 000000	000000	000000	000001
000291 000000	000000	000000	000000
000292 000000	000000	000000	000000
000293 000000	000000	000000	000000
000294 000000	000000	000001	000000
000295 000000	000000	000000	000001
000296 000000	000000	000000	000000
000297 000000	000000	000000	000000
000298 000000	000000	000000	000001
000299 000000	000000	000000	000000
000300 000000	000000	000000	000000
000301 000000	000000	000000	000000
000302 000000	000000	000000	000000
000303 000000	000000	000000	000000
000304 000000	000000	000000	000000
000305 000000	000000	000000	000000
000306 000000	000000	000000	000000
000307 000000	000000	000000	000000
000308 000000	000000	000000	000001
000309 000000	000000	000000	000000
000310 000000	000000	000000	000000
000311 000000	000000	000000	000000
000312 000000	000000	000000	000000
000313 000000	000000	000000	000001
000314 000000	000000	000000	000000
000315 000000	000000	000000	000000
000316 000000	000000	000000	000000
000317 000000	000000	000000	000000
000318 000000	000000	000000	000000
000319 000000	000000	000000	000000
000320 000000	000000	000000	000000
000321 000000	000000	000000	000000
000322 000000	000000	000000	000000
000323 000000	000000	000000	000000
000324 000000	000000	000000	000000
000325 000000	000000	000000	000000
000326 000000	000000	000000	000000
000327 000000	000000	000000	000000
000328 000000	000000	000000	000000
000329 000000	000000	000000	000000
000330 000000	000000	000000	000000
000331 000000	000000	000000	000001
000332 000000	000000	000000	000000
000333 000000	000000	000000	000000
000334 000000	000000	000000	000000
000335 000000	000000	000000	000000
000336 000000	000000	000000	000000
000337 000000	000000	000000	000000
000338 000000	000000	000000	000000
000339 000000	000000	000000	000000
000340 000000	000000	000000	000000
000341 000000	000000	000000	000000
000342 000000	000000	000000	000000
000343 000000	000000	000000	000000
000344 000000	000000	000000	000000
000345 000000	000000	000000	000001
000346 000000	000000	000000	000000
000347 000000	000000	000000	000000
000348 000000	000000	000000	000000
000349 000000	000000	000000	000000
000350 000000	000000	000000	000000
000351 000000	000000	000000	000000
000352 000000	000000	000000	000000
000353 000000	000000	000000	000000
000354 000000	000000	000000	000000
000355 000000	000000	000000	000000
000356 000000	000000	000000	000000
000357 000000	000000	000000	000000
000358 000000	000000	000000	000000
000359 000000	000000	000000	000000
000360 000000	000000	000000	000000
000361 000000	000000	000000	000000
000362 000000	000000	000000	000000
000363 000000	000000	000000	000000
000364 000000	000000	000000	000000
000365 000000	000000	000000	000000
000366 000000	000000	000000	000000
000367 000000	000000	000000	000000
000368 000000	000000	000000	000000
000369 000000	000000	000000	000000
000370 000000	000000	000000	000000
000371 000000	000000	000000	000000
000372 000000	000000	000000	000000
000373 000000	000000	000000	000000
000374 000000	000000	000000	000000
000375 000000	000000	000000	000000
000376 000000	000000	000000	000000
000377 000000	000000	000000	000000
000378 000000	000000	000000	000000
000379 000000	000000	000000	000000
000380 000000	000000	000000	000000
000381 000000	000000	000000	000000
000382 000000	000000	000000	000000
000383 000000	000000	000000	000000
000384 000000	000000	000000	000000
000385 000000	000000	000000	000000
000386 000000	000000	000000	000000
000387 000000	000000	000000	000000
000388 000000	000000	000000	000000
000389 000000	000000	000000	000000
000390 000000	000000	000000	000000
000391 000000	000000	000000	000000
000392 000000	000000	000000	000000
000393 000000	000000	000000	000000
000394 000000	000000	000000	000000
000395 000000	000000	000000	000000
000396 000000	000000	000000	000000
000397 000000	000000	000000	000000
000398 000000	000000	000000	000000
000399 000000	000000	000000	000000
000400 000000	000000	000000	000000
000401 000000	000000	000000	000000
000402 000000	000000	000000	000000
000403 000000	000000	000000	000000
000404 000000	000000	000000	000000
000405 000000	000000	000000	000000
000406 000000	000000	000000	000000
000407 000000	000000	000000	000000
000408 000000	000000	000000	000000
000409 000000	000000	000000	000000
000410 000000	000000	000000	000000
000411 000000	000000	000000	000000
000412 000000	000000	000000	000000
000413 000000	000000	000000	000000
000414 000000	000000	000000	000000
000415 000000	000000	000000	000000
000416 000000	000000	000000	000000
000417 000000	000000	000000	000000
000418 000000	000000	000000	000000
000419 000000	000000	000000	000000
000420 000000	000000	000000	000000
000421 000000	000000	000000	000000
000422 000000	000000	000000	000000
000423 000000	000000	000000	000000
000424 000000	000000	000000	000000
000425 000000	000000	000000	000000
000426 000000	000000	000000	000000
000427 000000	000000	000000	000000
000428 000000	000000	000000	000000
000429 000000	000000	000000	000000
000430 000000	000000	000000	000000
000431 000000	000000	000000	000000
000432 000000	000000	000000	000000
000433 000000	000000	000000	000000
000434 000000	000000	000000	000000
000435 000000	000000	000000	000000
000436 000000	000000	000000	000000
000437 000000	000000	000000	000000
000438 000000	000000	000000	000000
000439 000000	000000	000000	000000
000440 000000	000000	000000	000000
000441 000000	000000	000000	000000
000442 000000	000000	000000	000000
000443 000000	000000	000000	000000
000444 000000	000000	000000	000000
000445 000000	000000	000000	000000
000446 000000	000000	000000	000000
000447 000000	000000	000000	000000
000448 000000	000000	000000	000000
000449 000000	000000	000000	000000
000450 000000	000000	000000	000000
000451 000000	000000	000000	000000
000452 000000	000000	000000	000000
000453 000000	000000	000000	000000
000454 000000	000000	000000	000000
000455 000000	000000	000000	000000
000456 000000	000000	000000	000000
000457 000000	000000	000000	000000
000458 000000	000000	000000	000000
000459 000000	000000	000000	000000
000460 000000	000000	000000	000000
000461 000000	000000	000000	000000
000462 000000	000000	000000	000000
000463 000000	000000	000000	000000
000464 000000	000000	000000	000000
000465 000000	000000	000000	000000
000466 000000	000000	000000	000000
000467 000000	000000	000000	000000
000468 000000	000000	000000	000000
000469 000000	000000	000000	000000
000470 000000	000000	000000	000000
000471 000000	000000	000000	000000
000472 000000	000000	000000	000000
000473 000000	000000	000000	000000
000474 000000	000000	000000	000000
000475 000000	000000	000000	000000
000476 000000	000000	000000	000000
000477 000000	000000	000000	000000
000478 000000	000000	000000	000000
000479 000000	000000	000000	000000
000480 000000	000000	000000	000000
000481 000000	000000	000000	000000
000482 000000	000000	000000	000000
000483 000000	000000	000000	000000
000484 000000	000000	000000	000000
000485 000000	000000	000000	000000
000486 000000	000000	000000	000000
000487 000000	000000	000000	000000
000488 000000	000000	000000	000000
000489 000000	000000	000000	000000
000490 000000	000000	000000	000000
000491 000000	000000	000000	000000
000492 000000	000000	000000	000000
000493 000000	000000	000000	000000
000494 000000	000000	000000	000000
000495 000000	000000	000000	000000
000496 000000	000000	000000	000000
000497 000000	000000	000000	000000
000498 000000	000000	000000	000000
000499 000000	000000	000000	000000
# Total: 000300000 000299968 000299928 000299896
# Min Latencies: 00007 00007 00007 00007
# Avg Latencies: 00021 00022 00024 00027
# Max Latencies: 00281 00270 00294 00345
# Histogram Overflows: 00000 00000 00000 00000
# Histogram Overflow at cycle number:
# Thread 0:
# Thread 1:
# Thread 2:
# Thread 3:


real	5m0.240s
user	0m8.597s
sys	0m26.749s
