pi@jx98-ty293-xz785:~ $ sudo cyclictest -p 90 -m -n -t4 -l 300000 -h 500
WARN: stat /dev/cpu_dma_latency failed: No such file or directory
policy: fifo: loadavg: 4.89 3.49 1.66 2/318 1573           

T: 0 ( 1561) P:90 I:1000 C: 300000 Min:      6 Act:    9 Avg:   13 Max:     257
T: 1 ( 1562) P:90 I:1000 C: 299977 Min:      7 Act:    8 Avg:   12 Max:     243
T: 2 ( 1563) P:90 I:1000 C: 299952 Min:      7 Act:    9 Avg:   13 Max:     248
T: 3 ( 1564) P:90 I:1000 C: 299926 Min:      7 Act:   12 Avg:   12 Max:     248
# Histogram
000000 000000	000000	000000	000000
000001 000000	000000	000000	000000
000002 000000	000000	000000	000000
000003 000000	000000	000000	000000
000004 000000	000000	000000	000000
000005 000000	000000	000000	000000
000006 000001	000000	000000	000000
000007 000338	000354	000246	000350
000008 034826	042888	029287	048777
000009 061357	067034	056495	060648
000010 038768	037183	041300	034144
000011 022578	018563	025320	020118
000012 020838	020112	021540	021140
000013 021977	023469	022810	020803
000014 019468	019945	020576	018786
000015 015765	015417	016781	015688
000016 012237	011423	012968	011936
000017 009439	008431	009800	009045
000018 007435	006549	007486	007178
000019 005671	005058	005744	005655
000020 004685	004082	004681	004583
000021 003662	003318	003724	003497
000022 002983	002583	003076	002715
000023 002369	001962	002389	002165
000024 001983	001554	001993	001665
000025 001649	001184	001637	001360
000026 001273	000965	001289	001028
000027 001135	000721	001064	000862
000028 000911	000610	000855	000676
000029 000730	000505	000772	000537
000030 000597	000388	000622	000457
000031 000518	000363	000521	000351
000032 000419	000323	000420	000333
000033 000380	000274	000386	000271
000034 000277	000228	000312	000251
000035 000264	000221	000272	000215
000036 000214	000159	000239	000220
000037 000204	000162	000236	000192
000038 000182	000165	000213	000153
000039 000190	000136	000187	000157
000040 000158	000127	000195	000149
000041 000179	000143	000190	000137
000042 000160	000107	000157	000128
000043 000135	000122	000140	000118
000044 000146	000118	000161	000124
000045 000119	000123	000128	000121
000046 000132	000109	000146	000102
000047 000105	000128	000123	000109
000048 000102	000097	000137	000112
000049 000109	000090	000122	000111
000050 000122	000105	000111	000098
000051 000123	000095	000115	000099
000052 000118	000089	000105	000099
000053 000102	000092	000104	000080
000054 000083	000084	000116	000076
000055 000111	000062	000084	000077
000056 000085	000074	000091	000084
000057 000083	000060	000077	000078
000058 000075	000082	000082	000073
000059 000082	000073	000080	000076
000060 000080	000083	000072	000061
000061 000075	000066	000075	000064
000062 000077	000057	000091	000074
000063 000068	000068	000057	000072
000064 000081	000043	000064	000053
000065 000068	000055	000071	000063
000066 000068	000048	000050	000052
000067 000047	000039	000049	000061
000068 000049	000047	000061	000053
000069 000059	000041	000070	000043
000070 000055	000052	000053	000047
000071 000040	000035	000063	000051
000072 000056	000036	000040	000048
000073 000035	000046	000051	000035
000074 000043	000031	000052	000047
000075 000044	000027	000040	000045
000076 000039	000028	000054	000033
000077 000048	000032	000043	000038
000078 000035	000027	000046	000029
000079 000037	000027	000034	000041
000080 000032	000025	000027	000035
000081 000035	000031	000036	000030
000082 000040	000034	000038	000027
000083 000033	000027	000030	000026
000084 000030	000019	000028	000025
000085 000038	000023	000032	000025
000086 000033	000024	000026	000028
000087 000030	000023	000025	000022
000088 000028	000021	000031	000026
000089 000025	000024	000027	000020
000090 000025	000025	000022	000031
000091 000028	000022	000026	000022
000092 000031	000012	000025	000021
000093 000033	000018	000022	000026
000094 000029	000014	000022	000019
000095 000023	000020	000028	000021
000096 000026	000012	000024	000011
000097 000023	000017	000020	000015
000098 000018	000013	000011	000008
000099 000024	000014	000015	000019
000100 000022	000018	000021	000018
000101 000013	000013	000017	000015
000102 000014	000009	000021	000021
000103 000015	000018	000013	000012
000104 000022	000008	000009	000006
000105 000017	000009	000017	000017
000106 000011	000010	000015	000009
000107 000009	000010	000015	000013
000108 000018	000015	000014	000015
000109 000011	000011	000017	000009
000110 000008	000003	000017	000017
000111 000007	000012	000009	000008
000112 000010	000012	000011	000004
000113 000009	000003	000013	000015
000114 000006	000010	000010	000010
000115 000010	000010	000017	000013
000116 000014	000008	000009	000010
000117 000010	000006	000014	000008
000118 000014	000006	000010	000006
000119 000016	000009	000011	000011
000120 000014	000004	000005	000004
000121 000010	000005	000012	000004
000122 000005	000004	000006	000007
000123 000009	000008	000006	000005
000124 000009	000003	000007	000004
000125 000010	000003	000009	000007
000126 000006	000009	000006	000006
000127 000007	000006	000012	000004
000128 000006	000005	000010	000005
000129 000012	000004	000003	000004
000130 000005	000003	000007	000005
000131 000002	000004	000007	000004
000132 000004	000003	000005	000004
000133 000008	000005	000009	000003
000134 000007	000004	000005	000001
000135 000007	000005	000007	000004
000136 000004	000004	000005	000008
000137 000007	000001	000006	000002
000138 000009	000003	000002	000004
000139 000007	000002	000004	000004
000140 000008	000003	000003	000002
000141 000004	000006	000004	000002
000142 000005	000000	000004	000007
000143 000004	000003	000007	000002
000144 000004	000004	000003	000002
000145 000007	000000	000004	000002
000146 000009	000000	000007	000004
000147 000006	000001	000003	000000
000148 000005	000004	000003	000002
000149 000004	000004	000006	000003
000150 000003	000001	000008	000001
000151 000007	000001	000006	000004
000152 000002	000004	000005	000005
000153 000003	000001	000005	000005
000154 000005	000002	000005	000003
000155 000005	000000	000007	000000
000156 000004	000002	000001	000001
000157 000004	000001	000005	000002
000158 000008	000002	000003	000001
000159 000004	000002	000003	000004
000160 000003	000001	000004	000001
000161 000005	000003	000001	000001
000162 000004	000001	000003	000002
000163 000005	000000	000002	000003
000164 000006	000001	000004	000001
000165 000002	000001	000004	000002
000166 000006	000003	000004	000002
000167 000003	000000	000003	000002
000168 000002	000003	000003	000001
000169 000002	000002	000002	000003
000170 000002	000001	000003	000001
000171 000007	000001	000002	000003
000172 000003	000000	000001	000001
000173 000003	000002	000002	000003
000174 000004	000000	000001	000002
000175 000003	000001	000004	000001
000176 000006	000001	000004	000000
000177 000005	000001	000000	000002
000178 000001	000002	000000	000000
000179 000002	000002	000003	000000
000180 000002	000000	000000	000000
000181 000004	000003	000002	000002
000182 000001	000001	000004	000001
000183 000001	000002	000001	000001
000184 000002	000000	000000	000003
000185 000000	000000	000000	000001
000186 000004	000000	000001	000000
000187 000003	000000	000002	000000
000188 000000	000000	000001	000003
000189 000003	000000	000000	000002
000190 000000	000001	000001	000002
000191 000001	000001	000000	000001
000192 000004	000000	000001	000001
000193 000000	000000	000001	000002
000194 000001	000000	000001	000000
000195 000001	000000	000000	000001
000196 000001	000001	000001	000002
000197 000003	000000	000003	000002
000198 000001	000002	000001	000002
000199 000001	000000	000003	000002
000200 000002	000000	000003	000001
000201 000002	000000	000000	000001
000202 000004	000000	000000	000002
000203 000001	000000	000000	000002
000204 000002	000001	000002	000002
000205 000000	000000	000002	000000
000206 000003	000002	000002	000000
000207 000001	000001	000000	000002
000208 000001	000000	000001	000001
000209 000001	000000	000000	000000
000210 000003	000000	000000	000001
000211 000002	000000	000000	000000
000212 000001	000000	000000	000002
000213 000003	000001	000000	000000
000214 000002	000001	000000	000000
000215 000000	000000	000000	000001
000216 000000	000000	000000	000001
000217 000001	000000	000000	000000
000218 000000	000001	000000	000000
000219 000002	000000	000001	000000
000220 000000	000000	000003	000001
000221 000000	000000	000002	000000
000222 000000	000000	000000	000000
000223 000001	000000	000000	000000
000224 000002	000000	000000	000000
000225 000003	000000	000000	000001
000226 000000	000000	000000	000001
000227 000000	000000	000001	000001
000228 000000	000000	000000	000000
000229 000001	000000	000001	000000
000230 000000	000000	000000	000000
000231 000000	000001	000000	000000
000232 000000	000000	000000	000000
000233 000001	000001	000002	000001
000234 000001	000000	000002	000000
000235 000002	000000	000000	000000
000236 000000	000000	000002	000001
000237 000000	000000	000002	000000
000238 000000	000000	000000	000000
000239 000001	000000	000000	000001
000240 000000	000000	000000	000000
000241 000000	000000	000000	000001
000242 000000	000000	000000	000000
000243 000001	000001	000001	000000
000244 000001	000000	000001	000000
000245 000000	000000	000000	000000
000246 000000	000000	000000	000001
000247 000000	000000	000000	000001
000248 000000	000000	000001	000001
000249 000000	000000	000000	000000
000250 000000	000000	000000	000000
000251 000000	000000	000000	000000
000252 000001	000000	000000	000000
000253 000001	000000	000000	000000
000254 000000	000000	000000	000000
000255 000000	000000	000000	000000
000256 000000	000000	000000	000000
000257 000001	000000	000000	000000
000258 000000	000000	000000	000000
000259 000000	000000	000000	000000
000260 000000	000000	000000	000000
000261 000000	000000	000000	000000
000262 000000	000000	000000	000000
000263 000000	000000	000000	000000
000264 000000	000000	000000	000000
000265 000000	000000	000000	000000
000266 000000	000000	000000	000000
000267 000000	000000	000000	000000
000268 000000	000000	000000	000000
000269 000000	000000	000000	000000
000270 000000	000000	000000	000000
000271 000000	000000	000000	000000
000272 000000	000000	000000	000000
000273 000000	000000	000000	000000
000274 000000	000000	000000	000000
000275 000000	000000	000000	000000
000276 000000	000000	000000	000000
000277 000000	000000	000000	000000
000278 000000	000000	000000	000000
000279 000000	000000	000000	000000
000280 000000	000000	000000	000000
000281 000000	000000	000000	000000
000282 000000	000000	000000	000000
000283 000000	000000	000000	000000
000284 000000	000000	000000	000000
000285 000000	000000	000000	000000
000286 000000	000000	000000	000000
000287 000000	000000	000000	000000
000288 000000	000000	000000	000000
000289 000000	000000	000000	000000
000290 000000	000000	000000	000000
000291 000000	000000	000000	000000
000292 000000	000000	000000	000000
000293 000000	000000	000000	000000
000294 000000	000000	000000	000000
000295 000000	000000	000000	000000
000296 000000	000000	000000	000000
000297 000000	000000	000000	000000
000298 000000	000000	000000	000000
000299 000000	000000	000000	000000
000300 000000	000000	000000	000000
000301 000000	000000	000000	000000
000302 000000	000000	000000	000000
000303 000000	000000	000000	000000
000304 000000	000000	000000	000000
000305 000000	000000	000000	000000
000306 000000	000000	000000	000000
000307 000000	000000	000000	000000
000308 000000	000000	000000	000000
000309 000000	000000	000000	000000
000310 000000	000000	000000	000000
000311 000000	000000	000000	000000
000312 000000	000000	000000	000000
000313 000000	000000	000000	000000
000314 000000	000000	000000	000000
000315 000000	000000	000000	000000
000316 000000	000000	000000	000000
000317 000000	000000	000000	000000
000318 000000	000000	000000	000000
000319 000000	000000	000000	000000
000320 000000	000000	000000	000000
000321 000000	000000	000000	000000
000322 000000	000000	000000	000000
000323 000000	000000	000000	000000
000324 000000	000000	000000	000000
000325 000000	000000	000000	000000
000326 000000	000000	000000	000000
000327 000000	000000	000000	000000
000328 000000	000000	000000	000000
000329 000000	000000	000000	000000
000330 000000	000000	000000	000000
000331 000000	000000	000000	000000
000332 000000	000000	000000	000000
000333 000000	000000	000000	000000
000334 000000	000000	000000	000000
000335 000000	000000	000000	000000
000336 000000	000000	000000	000000
000337 000000	000000	000000	000000
000338 000000	000000	000000	000000
000339 000000	000000	000000	000000
000340 000000	000000	000000	000000
000341 000000	000000	000000	000000
000342 000000	000000	000000	000000
000343 000000	000000	000000	000000
000344 000000	000000	000000	000000
000345 000000	000000	000000	000000
000346 000000	000000	000000	000000
000347 000000	000000	000000	000000
000348 000000	000000	000000	000000
000349 000000	000000	000000	000000
000350 000000	000000	000000	000000
000351 000000	000000	000000	000000
000352 000000	000000	000000	000000
000353 000000	000000	000000	000000
000354 000000	000000	000000	000000
000355 000000	000000	000000	000000
000356 000000	000000	000000	000000
000357 000000	000000	000000	000000
000358 000000	000000	000000	000000
000359 000000	000000	000000	000000
000360 000000	000000	000000	000000
000361 000000	000000	000000	000000
000362 000000	000000	000000	000000
000363 000000	000000	000000	000000
000364 000000	000000	000000	000000
000365 000000	000000	000000	000000
000366 000000	000000	000000	000000
000367 000000	000000	000000	000000
000368 000000	000000	000000	000000
000369 000000	000000	000000	000000
000370 000000	000000	000000	000000
000371 000000	000000	000000	000000
000372 000000	000000	000000	000000
000373 000000	000000	000000	000000
000374 000000	000000	000000	000000
000375 000000	000000	000000	000000
000376 000000	000000	000000	000000
000377 000000	000000	000000	000000
000378 000000	000000	000000	000000
000379 000000	000000	000000	000000
000380 000000	000000	000000	000000
000381 000000	000000	000000	000000
000382 000000	000000	000000	000000
000383 000000	000000	000000	000000
000384 000000	000000	000000	000000
000385 000000	000000	000000	000000
000386 000000	000000	000000	000000
000387 000000	000000	000000	000000
000388 000000	000000	000000	000000
000389 000000	000000	000000	000000
000390 000000	000000	000000	000000
000391 000000	000000	000000	000000
000392 000000	000000	000000	000000
000393 000000	000000	000000	000000
000394 000000	000000	000000	000000
000395 000000	000000	000000	000000
000396 000000	000000	000000	000000
000397 000000	000000	000000	000000
000398 000000	000000	000000	000000
000399 000000	000000	000000	000000
000400 000000	000000	000000	000000
000401 000000	000000	000000	000000
000402 000000	000000	000000	000000
000403 000000	000000	000000	000000
000404 000000	000000	000000	000000
000405 000000	000000	000000	000000
000406 000000	000000	000000	000000
000407 000000	000000	000000	000000
000408 000000	000000	000000	000000
000409 000000	000000	000000	000000
000410 000000	000000	000000	000000
000411 000000	000000	000000	000000
000412 000000	000000	000000	000000
000413 000000	000000	000000	000000
000414 000000	000000	000000	000000
000415 000000	000000	000000	000000
000416 000000	000000	000000	000000
000417 000000	000000	000000	000000
000418 000000	000000	000000	000000
000419 000000	000000	000000	000000
000420 000000	000000	000000	000000
000421 000000	000000	000000	000000
000422 000000	000000	000000	000000
000423 000000	000000	000000	000000
000424 000000	000000	000000	000000
000425 000000	000000	000000	000000
000426 000000	000000	000000	000000
000427 000000	000000	000000	000000
000428 000000	000000	000000	000000
000429 000000	000000	000000	000000
000430 000000	000000	000000	000000
000431 000000	000000	000000	000000
000432 000000	000000	000000	000000
000433 000000	000000	000000	000000
000434 000000	000000	000000	000000
000435 000000	000000	000000	000000
000436 000000	000000	000000	000000
000437 000000	000000	000000	000000
000438 000000	000000	000000	000000
000439 000000	000000	000000	000000
000440 000000	000000	000000	000000
000441 000000	000000	000000	000000
000442 000000	000000	000000	000000
000443 000000	000000	000000	000000
000444 000000	000000	000000	000000
000445 000000	000000	000000	000000
000446 000000	000000	000000	000000
000447 000000	000000	000000	000000
000448 000000	000000	000000	000000
000449 000000	000000	000000	000000
000450 000000	000000	000000	000000
000451 000000	000000	000000	000000
000452 000000	000000	000000	000000
000453 000000	000000	000000	000000
000454 000000	000000	000000	000000
000455 000000	000000	000000	000000
000456 000000	000000	000000	000000
000457 000000	000000	000000	000000
000458 000000	000000	000000	000000
000459 000000	000000	000000	000000
000460 000000	000000	000000	000000
000461 000000	000000	000000	000000
000462 000000	000000	000000	000000
000463 000000	000000	000000	000000
000464 000000	000000	000000	000000
000465 000000	000000	000000	000000
000466 000000	000000	000000	000000
000467 000000	000000	000000	000000
000468 000000	000000	000000	000000
000469 000000	000000	000000	000000
000470 000000	000000	000000	000000
000471 000000	000000	000000	000000
000472 000000	000000	000000	000000
000473 000000	000000	000000	000000
000474 000000	000000	000000	000000
000475 000000	000000	000000	000000
000476 000000	000000	000000	000000
000477 000000	000000	000000	000000
000478 000000	000000	000000	000000
000479 000000	000000	000000	000000
000480 000000	000000	000000	000000
000481 000000	000000	000000	000000
000482 000000	000000	000000	000000
000483 000000	000000	000000	000000
000484 000000	000000	000000	000000
000485 000000	000000	000000	000000
000486 000000	000000	000000	000000
000487 000000	000000	000000	000000
000488 000000	000000	000000	000000
000489 000000	000000	000000	000000
000490 000000	000000	000000	000000
000491 000000	000000	000000	000000
000492 000000	000000	000000	000000
000493 000000	000000	000000	000000
000494 000000	000000	000000	000000
000495 000000	000000	000000	000000
000496 000000	000000	000000	000000
000497 000000	000000	000000	000000
000498 000000	000000	000000	000000
000499 000000	000000	000000	000000
# Total: 000300000 000299988 000299963 000299938
# Min Latencies: 00006 00007 00007 00007
# Avg Latencies: 00013 00012 00013 00012
# Max Latencies: 00257 00243 00248 00248
# Histogram Overflows: 00000 00000 00000 00000
# Histogram Overflow at cycle number:
# Thread 0:
# Thread 1:
# Thread 2:
# Thread 3:

